,index,User ID,Instagram visit score,Spending_rank(0 to 100)
0,1464,1464,88,26.72186319
1,1033,1033,38,11.08681684
2,2334,2334,70,89.69016572
3,701,701,69,11.7754869
4,834,834,83,97.11097284
5,2430,2430,39,70.93146127
6,2037,2037,89,18.57936553
7,1850,1850,72,78.62789484
8,84,84,33,65.67214893
9,119,119,77,19.05073001
10,259,259,74,67.2278253
11,2017,2017,83,75.13162713
12,2228,2228,48,66.29618507
13,2426,2426,31,68.78975459
14,2118,2118,76,30.57464104
15,328,328,65,20.38865292
16,2107,2107,47,65.18594494
17,210,210,62,94.91645619
18,889,889,81,83.91136136
19,85,85,93,24.327169199999997
20,2338,2338,14,19.87420175
21,1030,1030,92,84.25716474
22,1767,1767,31,23.12906065
23,664,664,74,90.96805611
24,1678,1678,109,14.39395116
25,861,861,28,20.68159023
26,2270,2270,75,86.39780366
27,297,297,90,37.53057246
28,93,93,40,58.16089026
29,449,449,31,20.11730805
30,1635,1635,77,26.72125395
31,178,178,67,82.19940878
32,929,929,75,84.07299429
33,1507,1507,87,74.78731690000001
34,1772,1772,36,67.81226544
35,770,770,39,31.79533494
36,1851,1851,103,18.46745797
37,1804,1804,86,74.88676299
38,833,833,28,26.11337186
39,2545,2545,94,20.00674945
40,359,359,77,85.12529881
41,2592,2592,37,30.133758299999997
42,443,443,77,24.41028312
43,293,293,93,21.63797805
44,1161,1161,44,70.56163288
45,2380,2380,74,82.87280911
46,1018,1018,73,25.65571748
47,742,742,73,83.83004354
48,1359,1359,91,12.70761561
49,962,962,29,12.87282967
50,1416,1416,93,20.79289997
51,2495,2495,73,96.32131689
52,1425,1425,66,84.06536487
53,659,659,50,59.46381802
54,1890,1890,43,65.75795633
55,2307,2307,84,93.02954541
56,1011,1011,40,58.462660899999996
57,1740,1740,34,26.53999423
58,1492,1492,97,23.95698037
59,1326,1326,90,36.431735100000004
60,1471,1471,18,26.893724699999996
61,702,702,92,31.12346471
62,2489,2489,36,64.62792006
63,935,935,28,28.16971466
64,1958,1958,74,12.61843248
65,739,739,46,72.96076219999999
66,754,754,32,4.452421246
67,789,789,89,37.70171439
68,1201,1201,82,79.46907855
69,347,347,43,60.44099039
70,1240,1240,43,8.160087637
71,613,613,92,17.45409259
72,1571,1571,64,86.13427328
73,830,830,42,54.93721292
74,490,490,43,69.03047559999999
75,1495,1495,79,84.27293832
76,607,607,96,23.54967946
77,201,201,83,29.44906499
78,2448,2448,82,8.031667914
79,2283,2283,78,33.27441041
80,101,101,80,90.73751483
81,1332,1332,63,29.01273392
82,1997,1997,108,21.45373803
83,2503,2503,61,26.60383399
84,1118,1118,48,61.11708018
85,1625,1625,87,13.73894627
86,126,126,48,36.82701421
87,502,502,86,8.957578037000001
88,1771,1771,36,54.35574439
89,2350,2350,32,58.50774769
90,707,707,47,63.48961593
91,1417,1417,99,10.30999062
92,2375,2375,79,87.13513376
93,508,508,34,25.4864208
94,1104,1104,87,97.25011796
95,266,266,42,66.78334725
96,342,342,55,21.1258642
97,487,487,65,86.43369428
98,1344,1344,87,26.39666823
99,1701,1701,41,71.58128797
100,1746,1746,61,31.44468171
101,428,428,65,24.22242289
102,1316,1316,46,23.08500682
103,2427,2427,80,13.97112197
104,1829,1829,52,15.4825111
105,1503,1503,74,73.42931545
106,2303,2303,36,78.71581572
107,36,36,79,17.69698635
108,1617,1617,78,72.74924103
109,2168,2168,29,23.43775933
110,588,588,91,18.0839691
111,2413,2413,53,24.11246098
112,925,925,17,22.37542477
113,2456,2456,40,52.51570062
114,543,543,74,82.65275105
115,133,133,31,5.082856803
116,1556,1556,23,22.03862864
117,1054,1054,89,14.66719552
118,2077,2077,43,70.71043376
119,654,654,71,82.44190593
120,1474,1474,27,32.47838486
121,828,828,29,39.55775005
122,154,154,24,24.19521043
123,1759,1759,41,59.35563287
124,1615,1615,26,22.108826800000003
125,1449,1449,51,61.896781299999994
126,633,633,93,19.69985956
127,1301,1301,24,32.65129534
128,2419,2419,17,30.11195889
129,2418,2418,75,80.95660424
130,1383,1383,30,76.33898979
131,2457,2457,28,65.30142887
132,901,901,85,77.1638631
133,238,238,56,30.69619064
134,1450,1450,44,60.89597942
135,2563,2563,26,22.22649125
136,88,88,84,15.76761568
137,2493,2493,79,87.41820792
138,2428,2428,30,16.7282034
139,1839,1839,41,64.92281513
140,1401,1401,96,8.161023605
141,237,237,72,8.37489358
142,1696,1696,87,10.22584938
143,1236,1236,91,17.537741699999998
144,1058,1058,92,93.04375635
145,1146,1146,89,19.14941277
146,77,77,25,13.24753967
147,634,634,83,21.29254354
148,1078,1078,81,83.04511644
149,1968,1968,99,20.78608706
150,1017,1017,102,18.41421282
151,1799,1799,49,75.89658324
152,1971,1971,23,18.55810069
153,2467,2467,70,80.16871289
154,2147,2147,13,29.57784534
155,1052,1052,32,59.17139368
156,992,992,83,88.0443439
157,1453,1453,20,23.21558703
158,1681,1681,43,50.88887151
159,68,68,67,84.62768822
160,2187,2187,76,79.42635639
161,818,818,66,86.22620888
162,1245,1245,31,62.77826259
163,2262,2262,87,11.14785795
164,2264,2264,98,19.04699628
165,329,329,27,68.48481799
166,475,475,67,25.75189752
167,1349,1349,77,99.98219718
168,1825,1825,88,82.33278682
169,2317,2317,98,25.39172874
170,621,621,57,17.33728452
171,40,40,84,77.21589021
172,146,146,88,26.73680467
173,493,493,102,7.639653452
174,752,752,23,22.73312702
175,978,978,48,31.22104728
176,2097,2097,53,29.42914738
177,1866,1866,84,31.61050101
178,1871,1871,66,23.45610858
179,1020,1020,78,79.56038465
180,1168,1168,76,74.09777593
181,2319,2319,79,79.19875313
182,1513,1513,63,82.299777
183,763,763,64,21.09728335
184,1668,1668,77,30.48921569
185,1797,1797,83,11.71907011
186,2414,2414,20,33.43314388
187,515,515,88,15.59823016
188,2232,2232,91,33.75076521
189,537,537,40,62.01453889
190,2274,2274,87,11.80836544
191,1965,1965,45,68.23914113
192,2423,2423,88,13.71667805
193,1407,1407,54,13.29819198
194,1512,1512,67,83.87051009
195,182,182,11,15.22567934
196,1782,1782,87,84.68367165
197,586,586,93,23.60727388
198,1647,1647,85,22.74193595
199,1371,1371,24,25.08624175
200,349,349,44,77.51233295
201,197,197,32,20.85594495
202,264,264,42,63.75778413
203,1385,1385,91,34.91548939
204,548,548,94,25.166725
205,366,366,50,22.12827166
206,805,805,73,90.04652851
207,1920,1920,81,23.84200045
208,572,572,69,18.55368629
209,1013,1013,24,26.20696126
210,325,325,83,16.56328135
211,1042,1042,86,18.47321996
212,2504,2504,74,90.51523671
213,2438,2438,89,13.67288295
214,2132,2132,66,21.78650144
215,734,734,81,31.147994399999995
216,2481,2481,96,24.097039000000002
217,1592,1592,31,18.96434695
218,2525,2525,32,17.528405199999998
219,1905,1905,86,17.90527498
220,1089,1089,34,60.41700564
221,979,979,39,71.60918709999999
222,1885,1885,39,77.62593462
223,492,492,88,91.08317257
224,1107,1107,30,23.80319921
225,481,481,88,11.42268953
226,2486,2486,91,15.44084415
227,1431,1431,83,12.93429808
228,2400,2400,80,19.53878927
229,2004,2004,92,10.58168839
230,877,877,74,85.3926014
231,1205,1205,20,21.39229661
232,503,503,45,18.66640142
233,1318,1318,93,18.423583899999997
234,2402,2402,23,28.34044938
235,96,96,86,95.38030712
236,1716,1716,78,73.05838086
237,1225,1225,96,6.151010137999999
238,324,324,78,82.52693226
239,1638,1638,16,25.39123809
240,255,255,76,13.98310121
241,2501,2501,77,81.84545235
242,1999,1999,71,82.29936911
243,1372,1372,74,84.71317283
244,1633,1633,27,4.205554327
245,1940,1940,19,22.82202174
246,1761,1761,95,21.94874371
247,2444,2444,75,24.97671182
248,2389,2389,83,22.407496
249,1527,1527,92,27.681237
250,2081,2081,33,63.20917762
251,1305,1305,27,28.09653115
252,506,506,81,89.93845695
253,762,762,78,81.31386235
254,961,961,18,34.84352775
255,363,363,94,22.35525383
256,1480,1480,97,13.54903343
257,975,975,85,21.59762876
258,1348,1348,75,102.0254409
259,2357,2357,89,19.60146245
260,1568,1568,43,55.84393354
261,1025,1025,78,96.43484823
262,1284,1284,87,82.69845279
263,186,186,33,28.7200071
264,335,335,76,90.61974666
265,2241,2241,85,8.599705361
266,2485,2485,57,14.6652023
267,555,555,22,17.90788153
268,1558,1558,96,11.80080363
269,1881,1881,66,23.98383775
270,2183,2183,85,72.81218933
271,1652,1652,19,33.20978781
272,426,426,63,15.50581792
273,1830,1830,80,94.21376422
274,699,699,53,30.59113774
275,1150,1150,24,23.02046989
276,1951,1951,96,33.51681672
277,1386,1386,86,35.0611196
278,2030,2030,21,16.11485057
279,327,327,90,10.83667749
280,597,597,86,11.77306271
281,670,670,27,66.19425651
282,413,413,32,41.80669899
283,100,100,51,27.47569732
284,243,243,84,95.28497476
285,22,22,17,24.41608933
286,235,235,34,60.61421798
287,848,848,40,61.29851112
288,1077,1077,41,60.67080782
289,894,894,30,25.02828167
290,43,43,77,83.88780572
291,2451,2451,31,19.43376235
292,1719,1719,95,17.81718903
293,2072,2072,25,60.7393571
294,1658,1658,84,19.55955355
295,1065,1065,41,61.99373967
296,1037,1037,45,64.83566573
297,2121,2121,95,25.53955272
298,1899,1899,33,55.38122439
299,551,551,28,72.73489328
300,1687,1687,28,24.80355822
301,275,275,32,53.57749898
302,998,998,22,16.53991501
303,653,653,43,64.19028543
304,892,892,89,22.98173912
305,2252,2252,23,18.94263634
306,733,733,89,16.75676016
307,2198,2198,26,27.836218900000002
308,395,395,38,71.93015254
309,536,536,17,26.78577361
310,1039,1039,77,68.10814856
311,517,517,8,17.33119867
312,1845,1845,81,63.30610134
313,1498,1498,19,37.61441305
314,2236,2236,30,32.72079122
315,2054,2054,97,16.14572787
316,1263,1263,87,24.02740936
317,1414,1414,86,80.54251021
318,16,16,98,14.59998927
319,731,731,77,25.47637648
320,2549,2549,40,49.63076065
321,368,368,76,86.3823613
322,2368,2368,76,22.86948603
323,2595,2595,25,25.74590843
324,99,99,39,60.35146419
325,1721,1721,36,23.06070526
326,2571,2571,26,21.98664298
327,1378,1378,85,31.24618618
328,2088,2088,90,27.90743731
329,1626,1626,73,84.18431094
330,958,958,28,64.79113715
331,1306,1306,85,91.96886358
332,2002,2002,11,72.30182596
333,1729,1729,90,100.6720784
334,2025,2025,37,59.36323257
335,1500,1500,15,31.33272232
336,1572,1572,24,37.85007041
337,2468,2468,40,22.69925668
338,1590,1590,91,17.41965778
339,1897,1897,84,86.37370915
340,1730,1730,88,87.87552101
341,565,565,104,32.47904843
342,1521,1521,89,88.37212594
343,388,388,85,11.49266305
344,2127,2127,38,77.47279218
345,2235,2235,30,30.21061858
346,1853,1853,100,7.689885434
347,496,496,83,76.42241486
348,1911,1911,38,53.36419146
349,1355,1355,56,27.82233196
350,423,423,81,77.09703154
351,689,689,40,56.18884924
352,1727,1727,79,94.0553124
353,1083,1083,88,23.65202979
354,1947,1947,25,28.95253156
355,2219,2219,82,76.16037528
356,2113,2113,80,10.97833757
357,1481,1481,32,34.96797135
358,2022,2022,35,64.69789386
359,843,843,95,34.26005039
360,822,822,25,29.3721526
361,1569,1569,87,77.68343322
362,55,55,37,68.66589307
363,400,400,83,88.56602578
364,224,224,12,13.24174207
365,2531,2531,61,31.60273623
366,916,916,33,63.690397600000004
367,2436,2436,27,16.75449407
368,109,109,35,22.726763100000003
369,1817,1817,91,17.06901503
370,909,909,73,74.25847526
371,1160,1160,89,19.36832528
372,2409,2409,87,94.23457065
373,334,334,27,57.07282424
374,2289,2289,67,104.75952099999999
375,1155,1155,81,96.74873411
376,1433,1433,86,3.033172736
377,462,462,27,65.88106241
378,1246,1246,47,68.35290614
379,1238,1238,19,18.80171096
380,302,302,16,30.88718141
381,2261,2261,87,18.46994096
382,1978,1978,95,82.08069404
383,954,954,90,30.64441284
384,296,296,67,16.87625688
385,261,261,85,18.32780613
386,1803,1803,52,59.84527233
387,2177,2177,29,67.75838008
388,794,794,83,99.32756876
389,2337,2337,79,82.73175132
390,2387,2387,17,31.15185878
391,845,845,27,70.50292616
392,1520,1520,90,24.92950768
393,2523,2523,97,76.15791833
394,102,102,94,6.978186468
395,1271,1271,96,16.44796957
396,376,376,79,70.30288484
397,2434,2434,90,24.04370956
398,2543,2543,79,13.00572328
399,1244,1244,83,75.58720769
400,2042,2042,89,13.35039305
401,2505,2505,77,18.98883162
402,427,427,93,77.61937984
403,241,241,52,32.554892800000005
404,1934,1934,78,85.96717788
405,1745,1745,39,71.63085991
406,420,420,30,21.50185677
407,1704,1704,42,62.80465928
408,2511,2511,24,26.45719704
409,1314,1314,95,16.82158814
410,165,165,33,16.90051369
411,429,429,28,23.71340252
412,167,167,87,79.74843641
413,642,642,92,92.98849481
414,203,203,60,20.12253563
415,812,812,32,9.645072902
416,484,484,23,22.13480913
417,42,42,95,9.525985718
418,1726,1726,78,27.545803000000003
419,2120,2120,24,35.2569793
420,1382,1382,95,23.17113931
421,1785,1785,77,24.59714276
422,1919,1919,91,25.20596531
423,468,468,84,89.44173763
424,107,107,73,90.43334873
425,1302,1302,67,97.79189727
426,2015,2015,29,27.62240843
427,2466,2466,94,23.62506389
428,2328,2328,91,92.34047576
429,1462,1462,88,83.87053669
430,116,116,42,53.55666866
431,21,21,69,106.9393719
432,1548,1548,29,70.68528539
433,2093,2093,25,27.26853923
434,455,455,85,23.78611592
435,1974,1974,71,86.76715643
436,418,418,91,27.80179223
437,1477,1477,97,16.86927908
438,2031,2031,17,19.05161978
439,2483,2483,27,32.11934855
440,959,959,22,16.30434613
441,648,648,36,68.13652511
442,2259,2259,24,26.65380742
443,698,698,87,19.84903172
444,386,386,49,16.60737293
445,1869,1869,37,74.50348205
446,1457,1457,72,9.636912429
447,1409,1409,77,6.677085377
448,20,20,90,70.58210415
449,868,868,16,16.44852774
450,1260,1260,102,25.34762172
451,1465,1465,86,14.83665396
452,2273,2273,97,27.13125273
453,1655,1655,34,13.69751201
454,831,831,77,19.71569704
455,2309,2309,78,95.6517161
456,574,574,59,63.66034551
457,2158,2158,92,71.48192419
458,1286,1286,83,86.9378772
459,2518,2518,89,21.8758543
460,193,193,90,95.65491071
461,2244,2244,56,16.48642966
462,1220,1220,64,22.38413823
463,2211,2211,79,86.78049137
464,1588,1588,69,88.80572729
465,1050,1050,77,82.67271831
466,2195,2195,22,22.73272937
467,1111,1111,45,62.10497478
468,2066,2066,59,30.25561237
469,1822,1822,83,21.42124728
470,647,647,90,75.07443563
471,1709,1709,90,25.28810826
472,2076,2076,91,17.194052600000003
473,1282,1282,70,83.7964247
474,391,391,78,74.13380583
475,1618,1618,84,84.65593338
476,341,341,95,3.776767637
477,2515,2515,79,25.84595398
478,2565,2565,59,17.96171325
479,630,630,81,19.81587932
480,1007,1007,95,87.28035
481,712,712,86,9.610418122
482,143,143,34,68.70577270000001
483,233,233,62,15.57775969
484,356,356,89,34.69671504
485,147,147,86,23.25454226
486,1563,1563,64,92.48481939
487,1430,1430,81,93.27492701
488,1649,1649,84,84.28030527
489,1394,1394,93,15.37909158
490,2464,2464,61,21.19219006
491,2416,2416,17,21.72438747
492,1227,1227,72,74.77691749
493,816,816,70,26.80774098
494,2275,2275,14,15.92092754
495,1574,1574,29,31.71666989
496,2102,2102,62,18.91044157
497,2585,2585,83,16.178036499999997
498,1259,1259,76,74.64177477
499,67,67,78,81.55022856
500,2110,2110,59,21.79275201
501,2285,2285,58,19.35158538
502,1288,1288,65,89.2604372
503,1653,1653,88,10.79272685
504,1172,1172,83,24.92293063
505,2027,2027,82,30.69737646
506,1322,1322,83,18.55696844
507,1237,1237,41,52.65804707
508,2323,2323,64,24.41168697
509,2482,2482,98,18.31380079
510,189,189,63,17.55261153
511,692,692,84,15.24508506
512,582,582,39,17.6704159
513,1585,1585,80,74.03671507
514,1447,1447,85,93.2541868
515,399,399,60,31.82224229
516,1110,1110,59,8.51897377
517,2213,2213,63,16.19574154
518,1055,1055,65,17.98720449
519,1945,1945,15,32.27047531
520,97,97,19,14.62477033
521,430,430,88,98.04298777
522,2519,2519,23,18.15190586
523,569,569,85,83.38545074
524,1347,1347,51,16.246927499999998
525,448,448,81,89.11413834
526,602,602,52,69.23157979999999
527,2521,2521,40,55.90060752
528,850,850,87,20.02038155
529,1209,1209,33,27.37706959
530,1235,1235,83,14.43385879
531,1970,1970,94,28.73113825
532,681,681,51,10.89198963
533,150,150,25,28.01492023
534,248,248,96,19.58555753
535,520,520,93,12.91347352
536,272,272,71,15.17556799
537,2140,2140,79,76.85981918
538,2316,2316,80,12.69968024
539,875,875,44,21.9697578
540,2197,2197,43,68.62603795
541,1484,1484,77,25.470097600000003
542,513,513,29,15.36585777
543,1627,1627,51,60.53349594
544,737,737,71,85.36779734
545,145,145,104,23.35762412
546,2153,2153,82,21.30972183
547,51,51,86,91.57086075
548,174,174,84,7.687225784
549,1006,1006,81,70.44599952
550,617,617,95,78.75782044
551,1434,1434,101,19.570391
552,1697,1697,80,97.50369414
553,414,414,81,78.79889851
554,1516,1516,19,34.73384343
555,2287,2287,17,21.9246273
556,127,127,80,76.19183168
557,2395,2395,98,10.84912132
558,874,874,49,8.129857686
559,2514,2514,99,13.35525138
560,614,614,21,24.43896263
561,907,907,101,4.070824865
562,2126,2126,88,85.74301272
563,317,317,60,13.59379054
564,951,951,42,61.33478963
565,202,202,11,27.66611345
566,1035,1035,79,22.79881039
567,2487,2487,95,12.30494561
568,1926,1926,87,24.20752166
569,949,949,79,83.88192128
570,1046,1046,44,64.01321817
571,533,533,16,21.71634966
572,1485,1485,97,13.60071137
573,2073,2073,22,20.64048642
574,784,784,67,24.49279645
575,1005,1005,86,19.18997122
576,2032,2032,33,66.98780452
577,1273,1273,91,3.547374862
578,1604,1604,88,73.05827884
579,2377,2377,93,32.86123707
580,61,61,81,92.54237622
581,887,887,78,22.45717384
582,593,593,95,13.34840297
583,2172,2172,69,80.23866754
584,390,390,66,82.51317329
585,153,153,19,29.16840223
586,2101,2101,74,80.62792454
587,1159,1159,83,32.22125032
588,30,30,97,14.52232178
589,500,500,77,24.29470263
590,472,472,53,9.131617919
591,1855,1855,76,93.09412582
592,1800,1800,36,69.93261572
593,718,718,87,97.32106926
594,2313,2313,32,24.73678617
595,2562,2562,48,10.45581399
596,2208,2208,34,58.97811941
597,1234,1234,90,15.89483319
598,1886,1886,63,0.940708942
599,1623,1623,91,83.61286437
600,1153,1153,88,15.97750609
601,1798,1798,12,24.15650513
602,2351,2351,85,89.14735009
603,1264,1264,77,80.44290861
604,1446,1446,93,16.99260382
605,489,489,82,15.57815058
606,1632,1632,97,15.77444253
607,915,915,90,19.38474385
608,1718,1718,93,29.85615825
609,377,377,92,86.07262506
610,1043,1043,38,74.23440169999999
611,1294,1294,15,32.25584613
612,747,747,55,17.0720548
613,2360,2360,95,29.80387884
614,1427,1427,56,28.62034538
615,1599,1599,60,15.08341228
616,1854,1854,47,64.78029197
617,90,90,69,78.56101791
618,2524,2524,98,17.94833167
619,1311,1311,68,16.10824847
620,1297,1297,78,87.00612897
621,232,232,48,82.21160875
622,2216,2216,66,72.69549096
623,1131,1131,75,89.52757515
624,797,797,84,29.61133505
625,1565,1565,7,26.88613311
626,840,840,88,19.71142506
627,2117,2117,99,18.17147152
628,905,905,92,18.32430416
629,727,727,85,24.30956688
630,357,357,28,30.07681026
631,2255,2255,30,16.08291284
632,2057,2057,43,60.81734405
633,170,170,65,21.82376162
634,1136,1136,92,15.47284673
635,722,722,36,78.17358982
636,1915,1915,36,62.54061458
637,2178,2178,41,70.91471999999999
638,651,651,49,62.51518523
639,1323,1323,44,60.676590100000006
640,1998,1998,84,82.84873594
641,1955,1955,60,25.83203103
642,2185,2185,88,14.15993396
643,891,891,61,19.33718358
644,917,917,32,69.46708965
645,463,463,38,24.00258683
646,575,575,93,17.31815726
647,2344,2344,27,23.85419182
648,1272,1272,34,75.71669318
649,374,374,45,71.64125832
650,1728,1728,81,81.00433625
651,864,864,66,19.00573989
652,849,849,88,26.43246433
653,2517,2517,87,36.15289631
654,1242,1242,79,92.28690773
655,772,772,84,82.94275402
656,2540,2540,33,23.65056373
657,2047,2047,74,93.06027893
658,1112,1112,73,17.79886209
659,987,987,104,14.18251919
660,2049,2049,29,74.99604002
661,1742,1742,42,69.59510589
662,1337,1337,27,24.26387208
663,1051,1051,90,16.52733684
664,1031,1031,56,20.01928387
665,124,124,26,27.47217237
666,1309,1309,86,12.82806183
667,643,643,90,89.68993884
668,1607,1607,82,36.20009831
669,2061,2061,96,18.69552552
670,713,713,78,82.12873846
671,1524,1524,26,25.72241017
672,1667,1667,80,20.21465378
673,1467,1467,33,78.5793632
674,352,352,18,10.14402649
675,682,682,45,62.10626375
676,280,280,60,5.145758067
677,1582,1582,78,83.75155205
678,1145,1145,28,27.33585304
679,1769,1769,26,15.9356976
680,587,587,21,22.89733379
681,774,774,90,16.2955497
682,749,749,85,77.56595839
683,1739,1739,12,24.49649384
684,1596,1596,86,29.54715312
685,899,899,13,11.66749784
686,215,215,28,19.86392432
687,331,331,85,79.56108473
688,2279,2279,93,10.85987128
689,1856,1856,65,17.18583199
690,2299,2299,75,79.39103746
691,1802,1802,85,96.82144723
692,873,873,41,24.68307136
693,231,231,60,14.24971359
694,1849,1849,39,62.57533523
695,2084,2084,97,8.322995506
696,1943,1943,44,62.13471409
697,2237,2237,84,85.40921039
698,45,45,84,24.48394908
699,469,469,53,18.26673794
700,663,663,88,81.80334766
701,1826,1826,89,16.31202419
702,1088,1088,94,10.55302873
703,612,612,24,28.03571359
704,1725,1725,83,84.33970134
705,2139,2139,24,27.84363802
706,422,422,83,96.32182718
707,964,964,63,14.46551165
708,1197,1197,83,26.58727818
709,2075,2075,85,20.58885519
710,539,539,35,68.91120681
711,382,382,86,87.12735245
712,2502,2502,68,86.48565279
713,2089,2089,93,23.06971247
714,969,969,69,18.70849405
715,256,256,61,30.48422196
716,1736,1736,43,69.18115097
717,158,158,80,85.54864535
718,2099,2099,87,10.12118908
719,2159,2159,12,27.90460357
720,229,229,12,18.33271481
721,1522,1522,42,74.82698453
722,1566,1566,23,33.08307854
723,2134,2134,19,21.01295569
724,1738,1738,26,57.98912729999999
725,1130,1130,88,13.31953113
726,878,878,88,22.43899036
727,1670,1670,27,41.69458249
728,2551,2551,22,12.87644359
729,2079,2079,36,37.89691981
730,1370,1370,80,89.74061953
731,557,557,83,81.90740914
732,1312,1312,98,17.80554345
733,2271,2271,20,21.09108016
734,2385,2385,56,6.918591826
735,1676,1676,34,73.13560682
736,1603,1603,45,79.30291882
737,2034,2034,72,94.34032412
738,2246,2246,94,26.54954786
739,2146,2146,77,30.94036062
740,2363,2363,90,17.95792924
741,991,991,81,76.83989094
742,1124,1124,104,14.00160396
743,1534,1534,31,65.65251039
744,890,890,38,56.33155641
745,1545,1545,72,86.23887301
746,700,700,25,36.76944711
747,1552,1552,19,24.62436929
748,2538,2538,103,30.6174217
749,666,666,92,22.30448585
750,2576,2576,91,82.11671428
751,2422,2422,32,21.05769555
752,1992,1992,17,32.62765744
753,549,549,80,107.3498213
754,1807,1807,38,73.94930852
755,198,198,66,17.95901183
756,106,106,31,27.54973738
757,176,176,25,28.70377582
758,676,676,59,12.88300392
759,2594,2594,84,75.32306139
760,2573,2573,27,31.22489619
761,2109,2109,87,82.80655282
762,1210,1210,104,7.505329424
763,1902,1902,72,81.48083293
764,1114,1114,92,16.42035297
765,775,775,52,20.63726103
766,1973,1973,69,19.80651081
767,1650,1650,56,13.53130025
768,1511,1511,58,25.77072634
769,371,371,43,61.19705033
770,1164,1164,48,56.10213499
771,1143,1143,87,35.26071908
772,1792,1792,81,10.16772222
773,2393,2393,88,90.34840237
774,1307,1307,56,16.07561792
775,2258,2258,79,73.56323595
776,2591,2591,78,86.40234561
777,292,292,47,64.74629775
778,2494,2494,61,5.310882836
779,1287,1287,74,85.34028195
780,632,632,92,12.57633088
781,745,745,15,22.71277272
782,1483,1483,39,60.84526444
783,2124,2124,78,20.02416662
784,1121,1121,28,74.83570345
785,168,168,60,21.47885791
786,1345,1345,23,18.41357243
787,1790,1790,53,57.42994259
788,1162,1162,18,38.670427000000004
789,2148,2148,26,22.60503687
790,1473,1473,79,84.26240882
791,1806,1806,36,58.60153531
792,1489,1489,71,101.1052387
793,398,398,85,8.167946986
794,2329,2329,84,30.90526812
795,1274,1274,82,89.56504525
796,2431,2431,74,94.58238839
797,995,995,43,65.9296972
798,2186,2186,16,32.90838795
799,1487,1487,40,90.7065391
800,1504,1504,87,99.24190767
801,1573,1573,74,90.5687385
802,1611,1611,91,4.366758985
803,2013,2013,77,33.481545399999995
804,524,524,32,72.29810003
805,660,660,71,28.3619342
806,2331,2331,82,73.9507459
807,1927,1927,73,77.06684575
808,290,290,87,18.85404152
809,2070,2070,68,100.82615140000001
810,283,283,52,13.57191358
811,1256,1256,86,29.12433285
812,2392,2392,76,83.94637402
813,2365,2365,92,13.42601111
814,1198,1198,90,13.40677991
815,499,499,40,24.6655343
816,1589,1589,63,15.96812474
817,1068,1068,83,76.87754403
818,790,790,14,20.57456766
819,1361,1361,91,32.76927614
820,1525,1525,71,90.17290646
821,2105,2105,73,17.05135104
822,2220,2220,65,19.50883719
823,34,34,85,25.94031124
824,912,912,24,22.06587211
825,1656,1656,98,13.09596378
826,1812,1812,68,93.39780794
827,989,989,74,73.70072342
828,2154,2154,74,80.98767143
829,1289,1289,47,16.16719652
830,2090,2090,25,22.15639328
831,2541,2541,82,17.02607196
832,2388,2388,91,23.55116196
833,209,209,86,15.59737784
834,1369,1369,78,13.86121895
835,703,703,86,93.90920425
836,108,108,41,35.02395962
837,2526,2526,77,79.87324341
838,671,671,78,88.44596944
839,1960,1960,89,78.55998701
840,507,507,72,67.13687397
841,1448,1448,39,67.0075317
842,2366,2366,79,90.97420543
843,1178,1178,35,27.97064939
844,927,927,86,30.36636416
845,1327,1327,91,20.68119445
846,1082,1082,53,16.08768868
847,344,344,85,33.00929131
848,2116,2116,57,19.93842588
849,595,595,84,85.71251997
850,1661,1661,92,13.14804118
851,375,375,84,23.52029169
852,2574,2574,27,7.595542932000001
853,1824,1824,49,29.48737497
854,1578,1578,32,23.837424300000002
855,262,262,28,23.55117474
856,228,228,76,78.07417774
857,691,691,54,21.03267369
858,2386,2386,100,12.76170044
859,58,58,72,79.72874053
860,946,946,33,20.26072181
861,1833,1833,75,94.93651204
862,1967,1967,42,14.09225744
863,652,652,96,14.93304629
864,510,510,77,84.74197188
865,2069,2069,58,18.14904832
866,976,976,54,72.32286308
867,70,70,98,13.16862217
868,166,166,76,99.1237311
869,934,934,33,56.61105596
870,1194,1194,92,14.68711211
871,1180,1180,72,22.26491908
872,2265,2265,93,26.93325516
873,1961,1961,93,18.87581306
874,2199,2199,33,26.29378312
875,1321,1321,28,72.58020287
876,1016,1016,79,8.384028972000001
877,250,250,48,67.61752672
878,80,80,61,28.45837723
879,1493,1493,77,23.03810205
880,1707,1707,36,74.47947652
881,2507,2507,29,31.91655004
882,403,403,57,39.05173716
883,1173,1173,80,83.03882261
884,157,157,61,11.32237039
885,1903,1903,50,23.12782627
886,2,2,104,18.52824526
887,445,445,9,40.48369646
888,2322,2322,71,92.51440528
889,1587,1587,74,73.48781425
890,1832,1832,84,98.82774982
891,1008,1008,93,19.57925395
892,1211,1211,40,72.70100434
893,458,458,45,63.39344836
894,1023,1023,61,20.58658386
895,1024,1024,86,88.6824638
896,2342,2342,89,15.43924057
897,2149,2149,90,93.70463608
898,1781,1781,87,13.64592367
899,2471,2471,70,82.63071673
900,112,112,25,58.35334386
901,724,724,90,21.375876899999998
902,1129,1129,40,62.30191568
903,1529,1529,85,102.24535300000001
904,2214,2214,15,34.5705651
905,361,361,79,5.34741078
906,2497,2497,95,25.22487991
907,286,286,33,21.59960647
908,171,171,69,78.56928699
909,803,803,78,21.01015447
910,447,447,90,23.84538143
911,249,249,98,2.711248587
912,2080,2080,39,66.54242506
913,1546,1546,91,29.73006567
914,1250,1250,94,26.13765298
915,1014,1014,41,50.59470801
916,267,267,85,9.057944521
917,1648,1648,93,27.59099892
918,1169,1169,45,75.60957307
919,2202,2202,84,9.147947489
920,732,732,34,17.76545182
921,1475,1475,75,12.79920826
922,2597,2597,100,84.99948736
923,1253,1253,37,70.57213232
924,1247,1247,84,17.97957666
925,766,766,86,20.2849701
926,194,194,18,16.61266057
927,1036,1036,48,70.31389956
928,1843,1843,86,83.71937296
929,1126,1126,86,24.29563525
930,1523,1523,40,57.13324721
931,886,886,81,21.44462083
932,2379,2379,97,11.11334417
933,780,780,77,22.27258288
934,2556,2556,73,80.45984065
935,1583,1583,32,58.51963896
936,1428,1428,80,94.61377334
937,1514,1514,84,18.11932492
938,1231,1231,85,89.54873251
939,1440,1440,46,47.38371935
940,518,518,78,91.17666619
941,1219,1219,42,61.22082584
942,1437,1437,47,69.53916019
943,546,546,41,59.25267761
944,353,353,83,79.95562677
945,573,573,20,21.47021756
946,1221,1221,27,18.59428196
947,2296,2296,96,17.76257623
948,1751,1751,84,25.48470216
949,1290,1290,98,15.68558004
950,1993,1993,81,83.33295453
951,1397,1397,59,9.254483825
952,1985,1985,59,10.26965258
953,2036,2036,92,11.91229182
954,2142,2142,79,82.87612435
955,312,312,70,80.90917307
956,1823,1823,25,11.54328046
957,1257,1257,99,4.3511747839999995
958,1907,1907,84,28.45967469
959,1298,1298,78,94.07038684
960,1925,1925,88,94.5666196
961,2527,2527,95,20.11360089
962,2224,2224,33,29.91447798
963,62,62,83,26.91451103
964,17,17,87,12.50427488
965,384,384,97,24.08108564
966,723,723,71,80.72973996
967,662,662,18,18.25793383
968,1191,1191,83,12.89944692
969,2587,2587,90,33.945097499999996
970,485,485,47,44.62789768
971,191,191,94,15.43388662
972,310,310,98,11.79319285
973,599,599,86,86.35571955
974,1844,1844,36,39.21916882
975,337,337,32,20.06536716
976,1876,1876,86,13.54884961
977,406,406,13,28.12989116
978,2498,2498,89,16.3008921
979,1389,1389,78,26.96556444
980,1095,1095,60,15.54666914
981,509,509,35,69.83001274
982,1175,1175,77,20.87818154
983,1860,1860,86,88.47904574
984,1641,1641,5,29.90213947
985,2156,2156,93,19.2920562
986,1144,1144,77,86.05777549
987,2269,2269,79,88.95760358
988,314,314,81,83.10716523
989,809,809,80,23.12074726
990,1779,1779,34,26.5862276
991,211,211,21,17.11089923
992,1593,1593,54,13.19524909
993,758,758,86,68.07812412
994,645,645,84,17.48314517
995,1616,1616,83,22.47141832
996,853,853,41,49.11162024
997,98,98,33,23.24338149
998,1192,1192,75,86.92865656
999,163,163,27,18.98877336
1000,589,589,43,64.30157906
1001,2383,2383,68,78.47600893
1002,1241,1241,27,29.62664916
1003,2053,2053,76,88.96329074
1004,865,865,102,30.60811282
1005,1711,1711,37,60.71210725
1006,1422,1422,78,83.19786713
1007,1931,1931,93,34.52534347
1008,245,245,89,23.71888002
1009,1671,1671,92,91.94399647
1010,1789,1789,84,3.458709837
1011,393,393,87,27.42259581
1012,1918,1918,42,54.68904209
1013,104,104,63,84.24248112
1014,1733,1733,94,12.02228307
1015,677,677,66,19.57217849
1016,768,768,94,19.90062299
1017,380,380,51,19.14330836
1018,534,534,83,26.66254146
1019,2340,2340,106,23.51228681
1020,983,983,30,79.17802777
1021,1874,1874,49,69.03035145
1022,1488,1488,19,30.09981133
1023,1415,1415,97,9.563710479
1024,1212,1212,88,21.18988948
1025,2312,2312,70,92.99704311
1026,1239,1239,20,25.19053906
1027,1072,1072,28,22.22318169
1028,764,764,30,28.05596377
1029,373,373,98,22.76002744
1030,2165,2165,92,28.19254157
1031,1976,1976,85,20.6864146
1032,2590,2590,91,18.37742016
1033,1261,1261,76,93.66449789
1034,687,687,46,76.55699732
1035,1688,1688,82,15.83011226
1036,343,343,68,22.59870832
1037,1109,1109,72,92.83456018
1038,2529,2529,80,11.21607248
1039,968,968,87,17.39311615
1040,401,401,88,34.44354303
1041,1630,1630,49,54.22519501
1042,511,511,47,51.7082666
1043,514,514,72,83.66978888
1044,1132,1132,97,21.57673579
1045,558,558,21,28.61111105
1046,1597,1597,94,80.77341018
1047,669,669,84,8.825502438
1048,1836,1836,80,72.98613435
1049,2522,2522,63,13.5329975
1050,919,919,98,15.79264248
1051,641,641,49,23.75744174
1052,1859,1859,61,16.93988968
1053,332,332,5,29.54739643
1054,2018,2018,87,15.57959974
1055,381,381,24,24.98961218
1056,960,960,34,65.450068
1057,1463,1463,68,18.87009771
1058,1530,1530,27,35.7628704
1059,1595,1595,45,60.21920597
1060,1291,1291,25,30.75926806
1061,1147,1147,25,12.57463673
1062,288,288,88,13.52483314
1063,910,910,35,19.82913112
1064,2539,2539,16,30.85898576
1065,1612,1612,78,26.46611043
1066,540,540,46,69.95428106
1067,1842,1842,32,61.40526952
1068,2343,2343,65,88.99801138
1069,1646,1646,30,25.91256262
1070,1664,1664,33,78.63369809999999
1071,1561,1561,71,70.46155784
1072,1857,1857,100,19.09969158
1073,1685,1685,22,11.56504339
1074,2161,2161,96,34.70660609
1075,196,196,87,26.56631865
1076,635,635,82,88.67689814
1077,87,87,95,35.08898197
1078,1847,1847,52,11.86357955
1079,2191,2191,24,25.14459538
1080,1228,1228,60,36.74012292
1081,497,497,41,73.92483537
1082,2151,2151,87,88.57509443
1083,984,984,56,26.56771759
1084,311,311,27,24.7431829
1085,788,788,61,20.72914424
1086,1614,1614,88,22.07179889
1087,1281,1281,96,88.34750077
1088,6,6,83,88.11972945
1089,2420,2420,28,32.85979117
1090,1217,1217,74,75.37714781
1091,601,601,68,18.96620616
1092,1335,1335,33,73.41430512
1093,1426,1426,87,87.09766802
1094,2433,2433,29,57.97992876
1095,2218,2218,18,25.38959047
1096,605,605,63,22.69436867
1097,902,902,84,92.21666786
1098,1827,1827,98,14.77195196
1099,350,350,34,75.88646013
1100,1666,1666,90,15.65811395
1101,2096,2096,66,13.41522038
1102,1075,1075,7,31.48039225
1103,1100,1100,92,19.97842923
1104,1741,1741,20,10.86560616
1105,1315,1315,84,78.30971102
1106,2176,2176,20,27.02428266
1107,639,639,79,83.99803534
1108,615,615,75,77.56580697
1109,1786,1786,25,16.92175698
1110,2536,2536,88,20.91898488
1111,274,274,16,34.76071054
1112,1304,1304,93,88.81490116
1113,2326,2326,21,26.36003822
1114,52,52,58,17.38965215
1115,1460,1460,95,21.57769525
1116,1700,1700,21,14.37320415
1117,138,138,24,77.16295984
1118,2575,2575,39,53.56703638
1119,2557,2557,83,77.86006242
1120,419,419,83,78.87354191
1121,2268,2268,33,78.30542253
1122,2206,2206,28,11.27694692
1123,1796,1796,101,24.26541799
1124,1956,1956,23,16.86972534
1125,791,791,53,5.279509931000001
1126,1410,1410,82,16.18245621
1127,796,796,83,9.114961264
1128,1229,1229,40,70.01254240000002
1129,2561,2561,35,60.17861526
1130,1360,1360,62,28.78280798
1131,1,1,61,25.22329005
1132,1644,1644,29,45.6859803
1133,446,446,79,22.86652091
1134,456,456,24,16.23929877
1135,23,23,82,14.85335365
1136,626,626,26,59.65004757
1137,1310,1310,67,12.33076707
1138,2437,2437,27,34.94789423
1139,1010,1010,66,6.298164663
1140,1702,1702,77,73.09851098
1141,1157,1157,72,22.83319377
1142,2346,2346,83,79.15336445
1143,576,576,34,63.72408271
1144,2441,2441,78,68.50559466
1145,2461,2461,90,13.83849112
1146,410,410,89,19.11371912
1147,2171,2171,78,81.9080209
1148,658,658,86,4.862885987
1149,920,920,87,24.97973807
1150,945,945,64,6.364417772
1151,367,367,94,14.97405577
1152,35,35,48,26.333407300000005
1153,1317,1317,18,39.32548715
1154,1152,1152,42,56.80594389
1155,526,526,58,18.99400413
1156,1233,1233,32,41.00401185
1157,387,387,59,61.73056908
1158,278,278,26,70.63324698
1159,944,944,92,27.7546774
1160,1541,1541,41,72.27217797
1161,2555,2555,27,34.733689500000004
1162,2582,2582,66,24.76568395
1163,2320,2320,34,18.38185886
1164,1938,1938,98,18.87807874
1165,778,778,24,22.766568399999997
1166,37,37,39,59.51894928
1167,192,192,52,12.51356204
1168,83,83,76,79.49618626
1169,953,953,24,17.58998543
1170,668,668,118,37.36377976
1171,2510,2510,82,91.86702579
1172,1944,1944,44,59.23712511
1173,2098,2098,90,8.87381335
1174,618,618,90,87.56556129
1175,301,301,32,57.22349629
1176,532,532,42,70.83502658
1177,1478,1478,26,40.99115058
1178,1689,1689,81,77.89206762
1179,1468,1468,77,73.85323148
1180,1775,1775,32,24.45784744
1181,321,321,50,76.30235269
1182,879,879,77,17.73895764
1183,208,208,36,54.22593981
1184,1454,1454,48,10.1794089
1185,2352,2352,26,37.53207275
1186,433,433,80,17.04699716
1187,1893,1893,25,42.54718605
1188,2411,2411,22,26.17527891
1189,1748,1748,12,21.95446153
1190,2314,2314,18,22.55747898
1191,2450,2450,82,14.56766511
1192,48,48,20,30.07324971
1193,2476,2476,39,49.65205148
1194,829,829,70,84.17663779
1195,686,686,74,83.04615279
1196,1123,1123,72,80.54383029
1197,1047,1047,94,15.92229478
1198,694,694,43,69.50125159
1199,1476,1476,98,29.55616271
1200,871,871,74,95.00164122
1201,1009,1009,59,77.4908713
1202,1268,1268,36,36.02019077
1203,990,990,32,48.7725424
1204,1223,1223,82,21.06250374
1205,1424,1424,97,24.47909378
1206,470,470,57,19.55053998
1207,2040,2040,36,78.0896343
1208,2038,2038,88,18.69494872
1209,1443,1443,84,16.39365994
1210,714,714,9,27.82657391
1211,2458,2458,31,29.36668444
1212,2354,2354,86,19.37505286
1213,1436,1436,66,76.07158201
1214,2490,2490,89,75.51399976
1215,416,416,90,12.8121914
1216,736,736,96,19.56682581
1217,1224,1224,79,81.0437795
1218,2008,2008,48,56.56472964
1219,263,263,15,30.83117767
1220,1331,1331,45,76.74211895
1221,930,930,78,80.46975186
1222,123,123,46,52.31751679
1223,781,781,87,31.22683245
1224,1139,1139,82,24.25152029
1225,15,15,17,22.40513668
1226,2250,2250,30,65.17408703
1227,814,814,90,13.5461769
1228,460,460,84,79.24263078
1229,973,973,78,24.177230899999998
1230,2308,2308,91,20.75119556
1231,2129,2129,76,87.10058875
1232,473,473,88,17.1533441
1233,1116,1116,85,93.65213524
1234,2103,2103,55,16.63651245
1235,523,523,71,24.85975843
1236,1928,1928,24,27.31563431
1237,2429,2429,82,96.61983445
1238,1399,1399,79,22.32923533
1239,2477,2477,79,87.96577723
1240,1840,1840,80,21.05503927
1241,71,71,28,38.01909248
1242,2226,2226,100,21.18825385
1243,793,793,36,64.40556706
1244,1991,1991,62,24.97443567
1245,1375,1375,89,12.11457201
1246,804,804,62,66.66079382
1247,711,711,54,10.99098861
1248,1459,1459,82,81.43327013
1249,1605,1605,21,17.65877605
1250,1064,1064,86,24.94101606
1251,579,579,41,63.48204303
1252,821,821,85,6.6894138860000005
1253,719,719,28,25.73422109
1254,1509,1509,19,26.80590632
1255,459,459,19,29.04436893
1256,2193,2193,11,21.41519497
1257,396,396,39,53.2819345
1258,1651,1651,18,12.05288048
1259,1391,1391,78,7.160223769
1260,1002,1002,9,25.92791436
1261,1808,1808,56,25.81046239
1262,2302,2302,103,23.110057
1263,378,378,60,19.31255444
1264,1757,1757,92,22.79657007
1265,2447,2447,84,15.88934609
1266,1280,1280,38,28.00117906
1267,1339,1339,21,20.12996554
1268,181,181,46,14.781236600000002
1269,2372,2372,34,24.24038885
1270,1910,1910,90,82.12216524
1271,1502,1502,99,18.83076511
1272,1365,1365,47,58.22231802
1273,2203,2203,18,14.00181754
1274,2462,2462,90,24.0759008
1275,295,295,49,15.98064079
1276,1692,1692,96,8.705664862999999
1277,478,478,88,28.48858968
1278,1698,1698,48,68.9834853
1279,265,265,95,21.16693051
1280,1959,1959,69,24.62344484
1281,562,562,8,28.01124291
1282,1451,1451,99,17.43513292
1283,1045,1045,22,12.42997145
1284,2369,2369,27,28.90030461
1285,1517,1517,32,80.58672472
1286,1001,1001,18,33.37762216
1287,2253,2253,47,69.26458125
1288,690,690,11,27.27702928
1289,199,199,59,22.52011807
1290,1032,1032,63,87.31392062
1291,2506,2506,40,79.83779525
1292,220,220,67,23.81050932
1293,1154,1154,85,91.39861123
1294,1657,1657,20,28.12037535
1295,2114,2114,95,12.69374424
1296,187,187,67,23.59321418
1297,1766,1766,73,19.43262147
1298,1791,1791,84,17.74997317
1299,596,596,89,22.80616314
1300,888,888,22,70.48694379
1301,2174,2174,33,63.79785335
1302,1142,1142,77,81.10296821
1303,720,720,50,58.46795832
1304,2276,2276,81,22.626994399999997
1305,638,638,70,67.61031259
1306,1828,1828,80,82.98314581
1307,1496,1496,46,58.65918993
1308,580,580,66,27.74741896
1309,504,504,79,101.2974694
1310,2475,2475,38,54.43111414
1311,1624,1624,16,21.19887734
1312,333,333,40,63.33957126
1313,1777,1777,94,28.04225485
1314,592,592,40,67.82837223
1315,1336,1336,57,11.31347611
1316,2348,2348,77,85.77948329
1317,2311,2311,70,89.42694256
1318,2106,2106,28,24.12827725
1319,1788,1788,70,27.781892499999998
1320,1913,1913,66,24.83339025
1321,1019,1019,45,69.23291157
1322,1912,1912,89,23.91918201
1323,408,408,90,19.03134888
1324,1249,1249,84,17.18030026
1325,2137,2137,9,20.95409025
1326,2553,2553,81,69.14551038
1327,276,276,19,36.57260947
1328,115,115,91,19.7525264
1329,2410,2410,77,79.96931113
1330,512,512,82,21.91036653
1331,1532,1532,25,23.40607716
1332,1015,1015,97,30.66953562
1333,1356,1356,88,26.18463665
1334,931,931,91,34.59321043
1335,1354,1354,21,33.18062301
1336,159,159,17,27.36112903
1337,2291,2291,75,96.50496756
1338,880,880,82,68.60740355
1339,2415,2415,35,61.64846701
1340,2455,2455,82,76.41907690000001
1341,1181,1181,46,73.27830502
1342,177,177,93,23.65261494
1343,2572,2572,96,26.685230800000003
1344,172,172,85,23.555059
1345,1384,1384,24,33.498099100000005
1346,1579,1579,87,20.18218186
1347,1774,1774,43,68.9479406
1348,584,584,80,30.61155602
1349,911,911,26,11.63827858
1350,244,244,60,19.08541304
1351,1699,1699,78,83.63454167
1352,1479,1479,86,28.28415816
1353,63,63,75,23.81224389
1354,2479,2479,99,20.96402238
1355,1735,1735,18,26.44565387
1356,2432,2432,69,93.53948692
1357,1254,1254,66,23.65979512
1358,542,542,34,73.82045207
1359,2044,2044,22,27.77541916
1360,2046,2046,72,71.31480203
1361,160,160,51,19.73527445
1362,1628,1628,87,25.86934161
1363,2284,2284,85,29.07377917
1364,2166,2166,67,87.19212053
1365,268,268,76,91.84905254
1366,2290,2290,83,29.25608027
1367,66,66,52,9.886817607000001
1368,2294,2294,34,61.00671756
1369,480,480,61,21.5110996
1370,2516,2516,98,31.79247738
1371,1404,1404,80,19.30231892
1372,777,777,86,12.56278731
1373,225,225,90,82.07861209
1374,14,14,36,23.46131302
1375,1901,1901,20,24.60574528
1376,918,918,89,21.88722687
1377,1179,1179,37,66.49004728
1378,2528,2528,89,12.12009623
1379,924,924,51,58.90398424
1380,1295,1295,41,53.60848506
1381,74,74,20,22.06784969
1382,2435,2435,76,88.95137832
1383,2108,2108,67,21.23482857
1384,1577,1577,77,80.79368962
1385,628,628,41,76.40002638
1386,1543,1543,54,18.34943165
1387,858,858,78,79.11013959
1388,1694,1694,69,87.64700365
1389,1140,1140,40,12.91841197
1390,619,619,29,69.67257647
1391,748,748,38,68.10960139
1392,730,730,80,80.40097141
1393,577,577,94,18.0776233
1394,1977,1977,88,76.52592078
1395,817,817,80,17.33378919
1396,1744,1744,90,19.1424863
1397,1340,1340,21,30.43276379
1398,139,139,25,63.87886991
1399,1319,1319,85,80.12787635
1400,2330,2330,77,23.22784164
1401,1916,1916,35,21.17617568
1402,856,856,79,72.38124139
1403,435,435,45,84.97045035
1404,1768,1768,35,76.70823918
1405,1103,1103,101,26.36836409
1406,1544,1544,85,99.70685308
1407,1151,1151,27,27.844266499999996
1408,2060,2060,37,60.14905988
1409,1724,1724,39,36.10386094
1410,1533,1533,47,21.15233346
1411,281,281,73,15.277621799999999
1412,590,590,11,28.38200846
1413,305,305,40,49.37574124
1414,2306,2306,41,53.99563001
1415,684,684,93,14.3318693
1416,2041,2041,74,70.44338179
1417,1195,1195,93,22.10043395
1418,971,971,42,60.56068915
1419,1115,1115,95,22.39737337
1420,2181,2181,55,11.37834453
1421,1497,1497,22,19.04022759
1422,2341,2341,29,12.98456758
1423,2190,2190,98,25.544784
1424,345,345,85,26.39622326
1425,2201,2201,56,68.29662655
1426,950,950,47,60.88896899
1427,923,923,56,20.78535522
1428,1758,1758,87,87.25358779
1429,2136,2136,18,23.66058181
1430,1900,1900,47,55.02997573
1431,254,254,90,18.31930725
1432,2188,2188,50,64.79641302
1433,2332,2332,93,15.01218786
1434,800,800,28,69.32359027
1435,18,18,55,11.76071954
1436,956,956,28,27.50255746
1437,2111,2111,83,18.98142618
1438,1946,1946,70,84.42745687
1439,914,914,61,27.91068444
1440,213,213,84,20.00936342
1441,1324,1324,27,69.66556397
1442,1067,1067,83,96.78597288
1443,417,417,30,77.48787055
1444,1894,1894,32,35.5924578
1445,1499,1499,24,22.6184268
1446,2180,2180,57,5.0102039330000006
1447,883,883,25,73.16251407
1448,937,937,26,24.62047344
1449,2058,2058,88,23.18189464
1450,2051,2051,39,61.792180599999995
1451,709,709,89,14.72449931
1452,326,326,30,76.48826316
1453,195,195,82,22.05297087
1454,1732,1732,92,17.85261289
1455,2570,2570,84,85.49388384
1456,477,477,18,15.52698738
1457,1508,1508,81,88.29981189
1458,1875,1875,51,60.71391189
1459,1113,1113,38,63.82772399
1460,1367,1367,22,32.03569406
1461,1654,1654,46,68.10038766
1462,2578,2578,88,22.20103548
1463,2082,2082,82,84.19963806
1464,501,501,82,82.65963104
1465,2546,2546,31,35.19961406
1466,1929,1929,38,68.21219196
1467,2014,2014,85,22.51329215
1468,1049,1049,85,92.92910623
1469,365,365,14,21.30010087
1470,1207,1207,75,8.445815211000001
1471,1358,1358,97,83.18082805
1472,2189,2189,81,88.10804408
1473,1904,1904,82,11.37171673
1474,1435,1435,33,77.09546446
1475,113,113,81,20.96871631
1476,1413,1413,36,70.10109325
1477,2336,2336,21,8.489190359
1478,2500,2500,21,18.51966257
1479,2408,2408,90,26.65148515
1480,315,315,67,25.31521455
1481,1705,1705,83,74.83854090000001
1482,1820,1820,12,18.34614294
1483,32,32,42,59.2847078
1484,1519,1519,84,16.202948499999998
1485,1783,1783,30,25.18459094
1486,95,95,95,20.54964074
1487,59,59,81,97.36505105
1488,673,673,86,97.20040582
1489,820,820,89,34.32417921
1490,69,69,97,12.35561638
1491,486,486,21,25.13109369
1492,1166,1166,90,84.21107833
1493,1921,1921,66,90.30351058
1494,608,608,66,13.70656857
1495,362,362,89,23.78727486
1496,1206,1206,57,28.42928979
1497,1679,1679,59,29.44375347
1498,4,4,14,31.49239692
1499,1908,1908,37,71.80743969
1500,2095,2095,92,17.17211595
1501,1669,1669,33,5.806115002
1502,494,494,81,90.86260865
1503,2345,2345,62,80.74147534
1504,2179,2179,47,67.67865246
1505,369,369,26,33.11451414
1506,993,993,93,23.78257681
1507,7,7,71,87.4683564
1508,2239,2239,23,25.70644225
1509,2163,2163,60,22.24233092
1510,535,535,96,18.40088572
1511,530,530,69,84.68126418
1512,2055,2055,55,23.57023538
1513,1190,1190,86,22.05812746
1514,994,994,15,10.23531483
1515,1338,1338,92,33.58629279
1516,705,705,67,65.96116655
1517,967,967,66,83.41428540000001
1518,1734,1734,75,76.69533683
1519,869,869,28,17.765409899999998
1520,838,838,10,18.15412379
1521,2491,2491,91,86.61947438
1522,1547,1547,101,24.5999467
1523,1691,1691,88,27.89115108
1524,2078,2078,62,18.96665589
1525,252,252,74,6.208650472
1526,661,661,82,75.67791771
1527,928,928,86,30.47798976
1528,746,746,71,84.40723992
1529,866,866,80,82.76745061
1530,92,92,67,25.08785074
1531,1841,1841,94,31.57097254
1532,1551,1551,64,0.9908415340000001
1533,1022,1022,61,7.4098372789999996
1534,304,304,86,62.44422097
1535,2509,2509,55,61.32638952
1536,1097,1097,91,14.15057563
1537,957,957,97,30.38140043
1538,2382,2382,17,13.41421677
1539,1562,1562,89,22.912166100000004
1540,2260,2260,37,65.78566283
1541,943,943,89,16.6487281
1542,1158,1158,20,16.63077261
1543,519,519,75,82.37445229
1544,11,11,30,30.97504081
1545,851,851,85,104.9295479
1546,2324,2324,85,80.34793313
1547,2100,2100,15,21.53811546
1548,2141,2141,66,89.50205241
1549,1880,1880,90,12.83792932
1550,1762,1762,84,19.9133336
1551,284,284,79,21.23684547
1552,2335,2335,42,76.29175212
1553,323,323,72,82.58527994
1554,2162,2162,70,23.13798508
1555,2019,2019,72,15.78815938
1556,1922,1922,48,71.67031931
1557,1056,1056,31,23.68512698
1558,841,841,36,28.90977811
1559,407,407,30,73.83523426
1560,2364,2364,94,22.55018449
1561,56,56,61,22.30799431
1562,2063,2063,89,78.81889548
1563,1887,1887,44,62.00323355
1564,1377,1377,41,57.32620152
1565,904,904,84,27.59195383
1566,1062,1062,90,12.55057087
1567,1883,1883,72,82.62802711
1568,857,857,89,85.59944699
1569,372,372,62,17.67966805
1570,1636,1636,100,22.51883541
1571,2001,2001,57,14.58926528
1572,2396,2396,31,62.17051658
1573,2325,2325,44,54.19255926
1574,609,609,21,29.65268724
1575,358,358,81,11.80327545
1576,940,940,59,20.59341293
1577,1773,1773,98,26.274769899999995
1578,1441,1441,31,27.390457399999995
1579,2231,2231,33,20.26468009
1580,1187,1187,90,24.4509944
1581,2407,2407,23,33.52668522
1582,750,750,62,24.88835946
1583,2440,2440,87,36.90712774
1584,2092,2092,84,89.90397389
1585,409,409,95,26.96858861
1586,2397,2397,83,82.00624831
1587,2204,2204,27,14.664373999999999
1588,672,672,84,81.94347904
1589,2009,2009,32,54.75835455
1590,1381,1381,59,29.28505202
1591,2006,2006,78,93.63363596
1592,2532,2532,22,21.17280445
1593,1278,1278,95,14.75588541
1594,1105,1105,62,23.1155047
1595,2353,2353,72,89.48454405
1596,2315,2315,29,21.54460159
1597,1608,1608,85,86.02918581
1598,1163,1163,88,13.7603188
1599,0,0,63,24.05070845
1600,1553,1553,75,74.43331779
1601,1092,1092,20,28.54185363
1602,729,729,70,85.83428993
1603,2065,2065,61,31.72553559
1604,1189,1189,52,74.30544679
1605,2119,2119,39,60.85203567
1606,1279,1279,29,64.47808584
1607,240,240,81,85.97665734
1608,1980,1980,21,43.093402600000005
1609,184,184,74,87.37823625
1610,769,769,56,16.97405612
1611,39,39,89,87.33332063
1612,2452,2452,87,10.632883
1613,1283,1283,95,13.33858842
1614,744,744,75,85.73339582
1615,1933,1933,90,36.48722254
1616,1620,1620,86,16.76439244
1617,1987,1987,89,86.92926489
1618,2123,2123,45,58.432386300000005
1619,846,846,97,19.35788784
1620,1423,1423,25,30.4002532
1621,2542,2542,86,22.97829677
1622,1888,1888,104,29.29955412
1623,2449,2449,30,12.53801282
1624,1619,1619,35,59.39812747
1625,2223,2223,30,34.76384672
1626,611,611,60,22.86062191
1627,903,903,59,8.90513015
1628,823,823,88,23.210210800000002
1629,2425,2425,19,22.30335129
1630,1962,1962,22,31.01842297
1631,207,207,86,18.50963704
1632,1202,1202,94,7.778122979
1633,1818,1818,25,23.59612112
1634,2559,2559,38,23.39375008
1635,89,89,55,63.23372514
1636,54,54,44,65.02712226
1637,2305,2305,91,21.750935600000002
1638,2248,2248,82,86.4001057
1639,1559,1559,74,80.78311281
1640,941,941,52,30.09665805
1641,2376,2376,84,89.81339796
1642,842,842,38,60.68759122
1643,1421,1421,42,60.09135121
1644,2520,2520,89,17.02860916
1645,1265,1265,37,75.22806945
1646,2406,2406,85,10.02354191
1647,442,442,78,93.23704793
1648,2293,2293,54,72.89899924
1649,1756,1756,77,77.82766002
1650,439,439,31,29.40444535
1651,322,322,43,68.00480275
1652,1600,1600,40,78.77810516
1653,269,269,53,64.77070667
1654,8,8,42,80.829564
1655,908,908,18,13.4380945
1656,389,389,87,90.93473461
1657,1580,1580,54,22.26135543
1658,738,738,91,95.67606276
1659,1176,1176,15,27.00288152
1660,2242,2242,40,66.79717936
1661,1053,1053,52,23.57801069
1662,646,646,76,26.22789504
1663,527,527,86,97.26610968
1664,26,26,80,68.72519179
1665,57,57,91,12.45225859
1666,1794,1794,59,22.08560786
1667,383,383,83,18.66157389
1668,222,222,57,10.52620316
1669,1090,1090,61,60.54603563
1670,1570,1570,87,24.56721756
1671,1329,1329,30,73.09347987
1672,277,277,65,75.95033784
1673,1837,1837,91,19.128331699999997
1674,204,204,91,78.05065227
1675,2207,2207,32,23.86482094
1676,1328,1328,83,93.97652308
1677,2263,2263,47,69.92202996
1678,1858,1858,16,31.75619865
1679,1969,1969,74,25.68101248
1680,364,364,81,10.4111462
1681,1780,1780,86,81.28760718
1682,247,247,60,21.00434692
1683,2472,2472,53,54.07876663
1684,1342,1342,92,9.72956657
1685,1643,1643,84,81.62560166
1686,2064,2064,89,8.150521027
1687,3,3,82,86.89023241
1688,1995,1995,30,66.7360007
1689,33,33,73,84.30603906
1690,200,200,82,92.05440447
1691,2550,2550,42,61.52221665
1692,996,996,91,80.84403349
1693,2247,2247,19,32.07445544
1694,811,811,91,24.37677445
1695,531,531,91,24.55994382
1696,436,436,39,27.92569992
1697,1953,1953,79,95.31956184
1698,338,338,79,8.204026606000001
1699,5,5,74,81.19531414
1700,2391,2391,35,30.8935287
1701,1591,1591,21,39.4714904
1702,2160,2160,87,25.53141135
1703,1333,1333,30,20.95650522
1704,319,319,87,65.38471806
1705,2033,2033,69,86.49139632
1706,1622,1622,72,87.81211271
1707,2580,2580,93,76.93364024
1708,1613,1613,17,34.08358967
1709,217,217,50,54.67236072
1710,1096,1096,91,13.71266633
1711,2333,2333,91,12.64655566
1712,2272,2272,50,61.90043896
1713,1213,1213,80,86.73091140000001
1714,2026,2026,90,24.69923188
1715,285,285,75,76.04700661
1716,1937,1937,33,78.69414314
1717,65,65,56,27.02080663
1718,2292,2292,85,79.67552319
1719,808,808,78,85.51108119
1720,1270,1270,99,17.57406896
1721,1754,1754,85,23.54245915
1722,140,140,78,27.57820665
1723,1393,1393,90,22.42719323
1724,1939,1939,18,20.56612672
1725,735,735,81,24.29460015
1726,985,985,93,19.65139133
1727,1102,1102,89,30.08055781
1728,977,977,80,90.80138050000001
1729,581,581,87,18.10466996
1730,835,835,101,12.94797323
1731,1861,1861,54,33.02581218
1732,2245,2245,62,20.33016707
1733,2169,2169,48,76.96553126
1734,2465,2465,65,19.021701999999998
1735,926,926,40,61.73907015
1736,895,895,45,24.445565
1737,2094,2094,84,14.91252622
1738,1203,1203,30,19.69370727
1739,2463,2463,83,21.01590997
1740,2067,2067,74,70.10004794
1741,1418,1418,55,17.69231542
1742,1975,1975,30,31.17628115
1743,2480,2480,79,92.89879052
1744,881,881,82,78.99244863
1745,1098,1098,91,29.35021356
1746,1809,1809,86,86.91124259
1747,1981,1981,47,9.70209848
1748,2347,2347,40,61.52573109
1749,2164,2164,111,21.67143742
1750,2125,2125,79,18.68882471
1751,465,465,86,4.919132986
1752,813,813,91,29.96855962
1753,704,704,32,61.47481763
1754,1276,1276,27,58.32480836
1755,2355,2355,83,83.23146846
1756,230,230,39,61.39784668
1757,936,936,99,10.89337039
1758,1351,1351,42,55.05216131
1759,1218,1218,61,10.6953155
1760,2304,2304,76,86.27948651
1761,1080,1080,94,12.44067648
1762,696,696,92,22.7277342
1763,2003,2003,86,94.29743873
1764,1293,1293,31,84.15837064
1765,2361,2361,64,83.38702731
1766,1784,1784,93,13.45881202
1767,291,291,44,24.42277704
1768,2071,2071,93,9.261516665
1769,1531,1531,72,9.375473882
1770,251,251,99,9.454214215
1771,1763,1763,79,80.66952813
1772,1127,1127,23,36.38695878
1773,556,556,22,25.42124007
1774,1313,1313,49,34.60323982
1775,236,236,31,62.48681525
1776,348,348,87,24.09242993
1777,1086,1086,79,86.05699503
1778,942,942,36,74.58896892
1779,1609,1609,88,31.80778428
1780,1412,1412,72,13.68071224
1781,1878,1878,78,78.32243851
1782,1535,1535,91,10.44260474
1783,1695,1695,41,72.0601093
1784,1170,1170,69,87.27588949
1785,710,710,20,32.26661979
1786,273,273,83,24.81658207
1787,1070,1070,19,37.44663097
1788,47,47,91,31.77727934
1789,179,179,83,84.41794026
1790,2295,2295,55,75.47636816
1791,606,606,101,17.05192703
1792,2349,2349,95,19.76066693
1793,1917,1917,91,25.69367506
1794,2298,2298,93,18.50539959
1795,1954,1954,85,85.02332814
1796,2288,2288,78,97.83616741
1797,1093,1093,60,19.30915914
1798,1472,1472,101,20.3208479
1799,1087,1087,85,84.51585986
1800,239,239,91,82.55129812
1801,505,505,93,19.92757073
1802,939,939,22,25.73050125
1803,655,655,10,20.05081203
1804,1411,1411,99,88.03242183
1805,1334,1334,63,27.21756309
1806,547,547,87,13.40332177
1807,740,740,22,23.20465617
1808,644,644,80,76.85722348
1809,753,753,58,22.83432576
1810,2544,2544,86,25.83205461
1811,457,457,30,25.96737183
1812,1486,1486,51,66.6080451
1813,1395,1395,39,70.98346207
1814,854,854,28,26.84610842
1815,815,815,21,34.16833803
1816,1712,1712,68,92.63779822
1817,1325,1325,94,13.90612965
1818,1819,1819,78,23.98980979
1819,773,773,77,27.99445114
1820,2196,2196,78,18.41595512
1821,118,118,80,26.66295582
1822,370,370,23,31.60134184
1823,50,50,46,67.57232403
1824,610,610,74,91.04485495
1825,1299,1299,40,59.19865398
1826,257,257,80,32.46238896
1827,471,471,34,60.38734363
1828,188,188,44,71.25388416
1829,832,832,53,22.46225971
1830,2488,2488,83,93.94606484
1831,1390,1390,39,63.63264308
1832,479,479,86,82.31900748
1833,2221,2221,58,16.17477845
1834,1989,1989,27,18.31813688
1835,1663,1663,74,19.88917085
1836,1674,1674,44,30.54024079
1837,837,837,100,14.4504811
1838,464,464,93,17.30662554
1839,1506,1506,86,86.95829636
1840,2492,2492,49,11.99193492
1841,1621,1621,99,21.6342754
1842,1251,1251,82,15.09072399
1843,1232,1232,98,11.46074097
1844,354,354,34,61.4575757
1845,1174,1174,87,16.33575334
1846,1816,1816,87,88.63510216
1847,2050,2050,32,25.65663431
1848,564,564,38,51.67846232
1849,2381,2381,94,33.65704456
1850,2297,2297,18,21.81761784
1851,900,900,65,14.19155773
1852,2384,2384,42,15.406291699999999
1853,2564,2564,93,21.20829742
1854,544,544,56,21.3028389
1855,779,779,33,34.73516479
1856,965,965,70,17.01388903
1857,1964,1964,56,13.99938143
1858,1683,1683,49,34.41743567
1859,1821,1821,22,25.70763692
1860,137,137,94,24.91943309
1861,1982,1982,71,14.03374587
1862,2011,2011,82,16.52002683
1863,1452,1452,91,13.56747347
1864,1753,1753,51,66.73264012
1865,1665,1665,71,89.64657118
1866,2596,2596,52,9.27506556
1867,679,679,79,15.4052108
1868,827,827,26,18.33459807
1869,411,411,19,18.90255259
1870,1898,1898,37,60.27330689
1871,2000,2000,32,70.23057277
1872,893,893,77,83.42126388
1873,568,568,20,3.74084121
1874,563,563,18,19.82837667
1875,1380,1380,21,18.77526552
1876,441,441,90,17.61903337
1877,1835,1835,67,25.25781006
1878,578,578,79,19.83597568
1879,872,872,41,74.0345035
1880,566,566,35,66.22827835
1881,2454,2454,25,76.78223532
1882,1813,1813,41,70.21638734
1883,29,29,46,53.70152626
1884,1183,1183,90,86.32665446
1885,2403,2403,83,14.86698833
1886,553,553,82,22.86368007
1887,78,78,75,93.97846339
1888,351,351,22,23.05317264
1889,792,792,97,4.9615593
1890,2401,2401,76,12.02425296
1891,757,757,81,16.96735835
1892,2443,2443,40,53.78441844
1893,498,498,84,18.80740811
1894,437,437,89,6.282675235
1895,2194,2194,80,84.87446284
1896,1801,1801,32,28.039030600000004
1897,1602,1602,57,15.04543555
1898,1873,1873,92,20.93577141
1899,105,105,95,92.38981690000001
1900,1675,1675,81,26.66173993
1901,246,246,38,61.66847702
1902,206,206,78,18.37600346
1903,932,932,69,23.74623675
1904,1491,1491,96,20.01788898
1905,1713,1713,78,89.63816282
1906,2359,2359,104,23.58356422
1907,60,60,19,15.89441948
1908,1584,1584,29,61.77645867
1909,1538,1538,24,19.46476818
1910,1852,1852,85,18.70638262
1911,1188,1188,26,27.947971999999996
1912,1601,1601,24,22.84834606
1913,1752,1752,77,73.98350592
1914,2130,2130,93,85.8103493
1915,751,751,91,24.26005519
1916,91,91,95,23.24628216
1917,1196,1196,81,94.92318481
1918,242,242,21,18.88156344
1919,896,896,30,27.67219613
1920,1120,1120,88,83.24600192
1921,19,19,65,8.782403627999999
1922,482,482,66,98.28742501
1923,385,385,31,25.03969485
1924,795,795,92,26.31941597
1925,1388,1388,84,82.91416946
1926,2173,2173,72,81.51304297
1927,2473,2473,87,17.47794606
1928,152,152,48,65.53988896
1929,906,906,21,26.99265981
1930,2599,2599,34,76.38862194
1931,1091,1091,80,14.67661175
1932,1368,1368,82,29.37927374
1933,2085,2085,46,63.06578855
1934,53,53,39,78.10751173
1935,948,948,82,7.012014901000001
1936,1081,1081,39,51.67217295
1937,1379,1379,89,82.05431351
1938,156,156,90,86.09107320000001
1939,450,450,93,15.28581815
1940,1567,1567,35,21.92213655
1941,1765,1765,38,74.16187356
1942,2512,2512,79,14.06182613
1943,521,521,76,19.32317113
1944,2513,2513,50,73.81889222
1945,169,169,75,76.23377259
1946,1539,1539,74,91.38556503
1947,1906,1906,22,2.153927089
1948,516,516,82,83.42672064
1949,2577,2577,16,39.57715889
1950,1814,1814,95,18.1368552
1951,1248,1248,94,17.26872643
1952,1891,1891,78,83.19297440000001
1953,1185,1185,86,23.68228291
1954,466,466,82,12.47998559
1955,9,9,79,25.96662164
1956,340,340,57,6.942328937
1957,1715,1715,66,22.45299657
1958,1466,1466,90,23.78746041
1959,287,287,83,9.738161785
1960,603,603,98,19.85924708
1961,2424,2424,85,86.17131293
1962,1303,1303,35,70.29853709999999
1963,134,134,17,26.83332592
1964,2229,2229,64,12.13872195
1965,394,394,28,45.69516336
1966,431,431,27,77.22486683
1967,1737,1737,50,60.75664004
1968,405,405,19,25.24606561
1969,130,130,39,61.81339667
1970,219,219,77,16.25437429
1971,205,205,78,16.19723923
1972,782,782,61,23.9828188
1973,2374,2374,88,12.23189205
1974,1398,1398,31,24.13669399
1975,2217,2217,27,63.43550508
1976,2566,2566,22,32.98438852
1977,852,852,91,7.536137246
1978,649,649,84,15.43781637
1979,836,836,92,77.86237335
1980,2593,2593,76,74.54595733
1981,1222,1222,56,27.12054143
1982,155,155,82,88.96899434
1983,567,567,99,11.41480527
1984,483,483,20,21.14324526
1985,289,289,24,33.09396046
1986,24,24,68,83.08778344
1987,1868,1868,90,83.30407205
1988,1439,1439,88,70.36066879
1989,2474,2474,30,22.13493283
1990,476,476,93,14.00304875
1991,212,212,35,64.31421702
1992,2499,2499,39,67.78966664
1993,528,528,28,13.47817235
1994,1420,1420,94,32.21956827
1995,1122,1122,26,28.37284075
1996,28,28,32,57.42090343
1997,2445,2445,104,19.45820931
1998,223,223,75,95.49217662
1999,1134,1134,59,15.76774225
2000,1073,1073,80,87.05874309
2001,2278,2278,21,23.37451397
2002,2378,2378,45,59.26698478
2003,190,190,22,21.6712293
2004,2356,2356,40,72.08645001
2005,2122,2122,19,23.87774095
2006,933,933,91,3.8198271989999997
2007,1889,1889,41,60.06756497
2008,2412,2412,87,25.33838951
2009,1576,1576,89,30.24545051
2010,111,111,68,11.87430005
2011,2230,2230,28,25.66316565
2012,1966,1966,18,20.65862751
2013,2023,2023,24,42.85559013
2014,1040,1040,48,72.79993839
2015,25,25,76,19.85507906
2016,1363,1363,99,14.67609363
2017,2508,2508,68,83.01413678
2018,2238,2238,40,53.73012227
2019,2533,2533,35,55.01824039
2020,306,306,93,81.86624173
2021,1787,1787,46,67.16754419
2022,303,303,86,15.21619583
2023,583,583,73,74.16136629
2024,997,997,82,3.925189511
2025,1461,1461,87,16.71144156
2026,131,131,84,16.90087229
2027,802,802,90,17.54183812
2028,2209,2209,27,26.42733668
2029,972,972,70,12.9686796
2030,148,148,77,28.29643605
2031,2579,2579,83,96.94319281
2032,2394,2394,82,78.9532322
2033,1243,1243,86,17.87451669
2034,986,986,90,19.72337352
2035,1747,1747,14,31.00223462
2036,1000,1000,64,26.68003761
2037,1366,1366,32,69.35699442
2038,2581,2581,76,79.9748254
2039,2145,2145,95,24.44111818
2040,2133,2133,89,88.14229008
2041,2028,2028,77,83.6655449
2042,1403,1403,18,14.4898953
2043,1764,1764,18,21.51746731
2044,1300,1300,68,91.18292448
2045,2056,2056,83,33.50910493
2046,631,631,77,26.04922826
2047,1308,1308,32,66.83738905
2048,560,560,68,80.78308878
2049,488,488,87,85.64276569
2050,1135,1135,90,100.10510570000001
2051,2371,2371,94,18.93165937
2052,955,955,24,20.02391285
2053,2530,2530,38,32.45795793
2054,2339,2339,63,24.10610429
2055,2567,2567,64,37.17850303
2056,1275,1275,84,14.67859242
2057,2039,2039,90,14.93222642
2058,1038,1038,92,27.60312911
2059,1346,1346,96,20.60539918
2060,1598,1598,83,84.01523569
2061,594,594,21,19.39408891
2062,1690,1690,88,28.95208761
2063,1703,1703,17,13.96123744
2064,2170,2170,65,27.98986619
2065,1490,1490,84,69.03065746
2066,963,963,78,93.68455397
2067,1634,1634,46,69.8496171
2068,82,82,25,38.3940287
2069,2005,2005,25,24.47768816
2070,299,299,33,15.73880635
2071,1972,1972,64,23.03521592
2072,1208,1208,80,101.57354190000001
2073,1594,1594,84,103.723128
2074,1879,1879,72,69.20352091
2075,1528,1528,27,16.80203868
2076,1341,1341,86,25.726561
2077,2043,2043,32,22.993039399999997
2078,675,675,72,84.86219703
2079,271,271,30,31.50555559
2080,1330,1330,22,19.67704026
2081,2249,2249,56,20.6446398
2082,2222,2222,90,15.65793236
2083,103,103,90,20.745664899999998
2084,561,561,79,83.26510525
2085,697,697,22,14.84958356
2086,897,897,22,23.24900004
2087,726,726,80,89.19660668
2088,114,114,81,21.76232895
2089,1838,1838,79,91.28137504
2090,1156,1156,81,14.60319608
2091,141,141,24,28.21248903
2092,2135,2135,31,33.558264
2093,467,467,95,13.25665296
2094,1296,1296,52,14.44897407
2095,743,743,24,15.11203098
2096,717,717,67,21.69380359
2097,1865,1865,14,19.28819959
2098,1770,1770,18,25.17219817
2099,1060,1060,98,8.270715239
2100,2588,2588,86,15.30132333
2101,316,316,85,28.02554384
2102,1364,1364,92,27.57283891
2103,2496,2496,94,28.52291058
2104,270,270,86,76.66507516
2105,425,425,42,75.85094055
2106,1167,1167,64,28.36221742
2107,2446,2446,88,93.27210552
2108,2460,2460,19,24.1189409
2109,1575,1575,27,38.07001585
2110,847,847,100,30.96660628
2111,300,300,23,41.92542623
2112,438,438,53,39.82201791
2113,72,72,106,18.35170261
2114,121,121,84,11.2317819
2115,1171,1171,37,66.59882198
2116,27,27,80,16.63787901
2117,2152,2152,46,67.80875215
2118,1990,1990,20,8.324476358
2119,1631,1631,90,80.7353707
2120,309,309,87,12.80558456
2121,1581,1581,101,20.69335802
2122,12,12,62,23.93688398
2123,2115,2115,83,92.55027943
2124,2024,2024,77,83.59275661
2125,650,650,84,91.95018419
2126,1258,1258,40,65.33096824
2127,2212,2212,46,70.88416501
2128,2112,2112,39,64.51453712
2129,559,559,94,16.42831673
2130,1494,1494,64,26.69355415
2131,360,360,50,24.05756165
2132,1846,1846,66,31.05323611
2133,1810,1810,92,89.28419973
2134,1793,1793,92,11.75923657
2135,1177,1177,31,35.3122305
2136,980,980,85,14.47631621
2137,432,432,100,23.42272523
2138,884,884,47,14.50015394
2139,1714,1714,98,92.58891373
2140,1269,1269,28,26.34094649
2141,313,313,71,64.98953989
2142,453,453,82,93.5233572
2143,216,216,34,54.19525743
2144,149,149,13,28.29543776
2145,1057,1057,21,25.16013418
2146,122,122,101,32.79851185
2147,767,767,86,26.74225546
2148,1396,1396,99,31.3616172
2149,2548,2548,75,75.57784524
2150,49,49,29,22.27105893
2151,1455,1455,19,36.52282791
2152,1182,1182,83,97.08623868
2153,2552,2552,81,77.10416788
2154,1193,1193,85,24.25293659
2155,2233,2233,74,81.15390938
2156,571,571,78,72.20843195
2157,2150,2150,77,86.21343016
2158,2404,2404,27,40.15782671
2159,1952,1952,80,18.49393615
2160,444,444,73,12.25126419
2161,1069,1069,43,80.84014718
2162,725,725,67,85.31770855
2163,1693,1693,93,27.66794242
2164,1285,1285,89,24.98108037
2165,221,221,89,21.95099679
2166,1662,1662,80,80.93741238
2167,1061,1061,68,84.23969179
2168,1482,1482,21,28.02448405
2169,1717,1717,87,96.63040451
2170,1215,1215,27,30.29929876
2171,1074,1074,82,86.68588495
2172,1063,1063,60,9.458299645
2173,1537,1537,92,82.74485414
2174,2192,2192,91,32.1068716
2175,2300,2300,100,13.389147
2176,665,665,40,57.37237849
2177,2267,2267,30,72.04710795
2178,550,550,77,94.43647703
2179,1892,1892,33,68.16638456
2180,2362,2362,70,93.28447916
2181,2012,2012,78,85.34771063
2182,2469,2469,10,26.41583948
2183,761,761,100,21.48389982
2184,1778,1778,40,69.14722887
2185,1586,1586,24,56.36637398
2186,1026,1026,72,13.81693159
2187,667,667,22,15.80352856
2188,1660,1660,17,64.64625599
2189,2210,2210,89,26.11603977
2190,2048,2048,78,20.25642326
2191,434,434,63,21.8495164
2192,2586,2586,88,25.46697401
2193,117,117,46,60.14346481
2194,1673,1673,96,21.38135949
2195,765,765,21,21.71444274
2196,1266,1266,88,11.18123759
2197,1125,1125,92,35.59382499
2198,1831,1831,93,7.774980117
2199,1362,1362,74,93.51366949
2200,1406,1406,29,14.93877456
2201,1722,1722,35,57.32223911
2202,1350,1350,37,62.23688419
2203,13,13,19,14.21656395
2204,898,898,51,19.76797807
2205,2035,2035,16,22.65780812
2206,1255,1255,41,71.65221925
2207,1028,1028,31,27.07653929
2208,144,144,73,22.812649399999998
2209,2086,2086,86,90.36406364
2210,683,683,67,87.58034603
2211,2281,2281,72,81.76522572
2212,1743,1743,92,26.82984254
2213,538,538,94,23.26091604
2214,1230,1230,93,10.69837748
2215,1680,1680,21,38.86947796
2216,125,125,83,15.54859762
2217,2144,2144,87,16.27543843
2218,1684,1684,30,16.1208952
2219,1550,1550,82,11.65320579
2220,1549,1549,86,92.00245408
2221,1760,1760,58,33.45836604
2222,38,38,20,22.02046139
2223,185,185,29,23.32993675
2224,142,142,17,37.61182537
2225,412,412,26,29.76273578
2226,1560,1560,76,89.58321959
2227,2589,2589,85,93.95060939
2228,2083,2083,81,88.92313994
2229,1923,1923,81,89.10569499
2230,1458,1458,77,91.64993951
2231,2200,2200,27,36.03491467
2232,759,759,97,30.80227731
2233,859,859,17,14.34986547
2234,922,922,67,88.64933762
2235,2091,2091,82,86.04840435
2236,2256,2256,63,12.73860452
2237,1419,1419,92,82.82352902
2238,525,525,19,18.34164898
2239,657,657,78,80.52421884
2240,1540,1540,96,28.99802132
2241,46,46,87,86.80134737
2242,981,981,31,25.44194192
2243,1942,1942,32,55.41808721
2244,1957,1957,96,13.92780068
2245,346,346,101,24.23950402
2246,2459,2459,106,24.96555717
2247,392,392,22,18.69782203
2248,1343,1343,33,66.79064653
2249,2373,2373,96,17.90814294
2250,1373,1373,95,17.759303
2251,1117,1117,80,83.69835663
2252,867,867,76,73.05853731
2253,86,86,86,18.23979234
2254,1226,1226,91,13.115117699999999
2255,1374,1374,83,30.02176318
2256,2478,2478,80,16.19820039
2257,2167,2167,64,66.71901657
2258,855,855,96,28.09948413
2259,600,600,42,67.72313499
2260,2182,2182,85,27.2897772
2261,451,451,80,23.74313207
2262,294,294,86,86.12020684
2263,640,640,28,27.09321823
2264,258,258,42,32.08359615
2265,2598,2598,87,20.53080557
2266,10,10,94,24.46567368
2267,616,616,86,30.31419065
2268,1101,1101,89,16.98821993
2269,1084,1084,102,14.24038556
2270,1004,1004,79,82.87442493
2271,862,862,91,14.85423634
2272,2234,2234,17,28.24830965
2273,2227,2227,90,20.31904306
2274,570,570,88,15.77517981
2275,491,491,37,63.54847167
2276,1986,1986,92,20.75650297
2277,2398,2398,65,16.840043100000003
2278,952,952,82,13.26258521
2279,1645,1645,19,25.23872919
2280,1776,1776,20,22.27944126
2281,2029,2029,16,19.51991685
2282,591,591,34,62.03583451
2283,2104,2104,94,17.44344192
2284,982,982,76,84.95956256
2285,1884,1884,89,26.733981300000004
2286,1402,1402,90,21.85779784
2287,1723,1723,89,14.72105723
2288,1501,1501,95,23.9121892
2289,999,999,96,21.05371931
2290,1405,1405,30,17.04083284
2291,622,622,88,80.49313723
2292,421,421,99,19.24704872
2293,1518,1518,78,16.98677193
2294,1606,1606,74,90.43483516
2295,637,637,92,27.49362388
2296,1640,1640,83,27.42591038
2297,1949,1949,62,27.33925473
2298,1710,1710,31,27.37913661
2299,1988,1988,76,90.89260972
2300,1639,1639,42,62.46409593
2301,2138,2138,20,26.31864215
2302,2251,2251,26,35.41858987
2303,282,282,63,6.680839999999999
2304,1041,1041,12,39.63081546
2305,715,715,36,66.40227956
2306,214,214,41,69.08266159
2307,2010,2010,34,34.01784887
2308,1872,1872,40,78.51086906
2309,807,807,72,80.78504716
2310,721,721,88,20.49545196
2311,1119,1119,73,82.46362548
2312,1079,1079,91,28.71150353
2313,1099,1099,73,99.29949012
2314,2052,2052,51,20.35299571
2315,2318,2318,55,13.82878757
2316,627,627,38,69.88476544
2317,2537,2537,82,35.31554112
2318,938,938,59,17.56452301
2319,870,870,24,31.16054453
2320,786,786,48,70.02793767
2321,162,162,70,21.09830578
2322,424,424,91,12.58927484
2323,1277,1277,61,12.85516285
2324,2554,2554,80,19.39551113
2325,1003,1003,37,26.60703171
2326,656,656,102,15.75047732
2327,1108,1108,114,8.67350267
2328,970,970,80,84.533464
2329,1629,1629,89,23.66277943
2330,819,819,64,15.26606044
2331,175,175,84,80.593889
2332,1950,1950,82,20.7605536
2333,2286,2286,69,81.31335721
2334,844,844,36,29.14849048
2335,625,625,19,27.45221947
2336,1870,1870,98,84.87036186
2337,2280,2280,86,16.59996926
2338,1438,1438,73,95.40386077
2339,2128,2128,22,62.62893818
2340,2534,2534,84,11.60278825
2341,2282,2282,91,85.80468502
2342,1085,1085,19,26.47418051
2343,1200,1200,26,51.05357296
2344,1755,1755,87,23.37716623
2345,680,680,103,11.0367217
2346,826,826,87,78.88968554
2347,495,495,66,79.12652846
2348,1924,1924,91,82.93668457
2349,798,798,93,81.8619913
2350,1555,1555,31,25.58695131
2351,624,624,96,29.55533403
2352,1408,1408,80,99.92269808
2353,1066,1066,89,23.2372539
2354,227,227,85,15.56630248
2355,2016,2016,100,20.41619169
2356,2310,2310,110,17.55667757
2357,674,674,82,25.92428706
2358,2569,2569,66,24.1856141
2359,2301,2301,91,37.14200886
2360,1811,1811,66,11.0143034
2361,2062,2062,18,27.90176873
2362,31,31,67,83.43530752
2363,136,136,90,31.392524600000005
2364,461,461,86,79.47777183
2365,2266,2266,75,88.18667115
2366,706,706,56,11.76877509
2367,2254,2254,108,32.7197715
2368,1932,1932,90,16.8084334
2369,1805,1805,97,18.59968166
2370,2020,2020,79,24.44154261
2371,81,81,82,89.23215347
2372,1963,1963,73,76.19407278
2373,1862,1862,101,26.63020398
2374,2131,2131,84,77.67344019
2375,1376,1376,91,33.04142906
2376,2087,2087,14,14.89961871
2377,708,708,88,7.14465413
2378,1749,1749,70,77.17904691
2379,1444,1444,57,35.17603962
2380,678,678,54,22.03334597
2381,541,541,29,28.29282218
2382,1896,1896,15,37.4359801
2383,1387,1387,85,86.70251978
2384,801,801,14,24.68949391
2385,2045,2045,28,37.7213618
2386,966,966,51,15.89361424
2387,1012,1012,58,61.57087436
2388,824,824,14,39.9846706
2389,1686,1686,73,23.27478856
2390,1044,1044,76,75.53485592
2391,1352,1352,90,6.164741273
2392,1864,1864,76,90.23627304
2393,320,320,56,17.62508529
2394,2583,2583,36,9.475112312
2395,1936,1936,49,65.68577625
2396,173,173,98,7.942425657
2397,787,787,27,23.91574887
2398,2370,2370,12,28.47086692
2399,1731,1731,61,27.81176292
2400,1935,1935,89,16.40282739
2401,1094,1094,90,85.45642288
2402,2568,2568,89,84.30071724
2403,404,404,69,78.45012746
2404,1021,1021,31,59.62866457
2405,1996,1996,26,32.32479277
2406,760,760,70,92.07544552
2407,1642,1642,86,20.02687404
2408,1128,1128,88,81.15863941
2409,1677,1677,71,11.21629654
2410,2547,2547,60,24.57793823
2411,1320,1320,55,27.44102621
2412,1138,1138,88,27.94854721
2413,1510,1510,79,85.24247486
2414,2068,2068,87,26.40982047
2415,771,771,24,26.9403733
2416,783,783,90,7.945098806
2417,1815,1815,70,96.3969914
2418,2157,2157,94,23.29641742
2419,1353,1353,82,94.98120738
2420,554,554,95,27.53314394
2421,2390,2390,96,15.57726653
2422,728,728,95,85.71835635
2423,1204,1204,62,31.91398018
2424,79,79,82,13.83837631
2425,339,339,89,23.41564993
2426,620,620,36,66.36574834
2427,1392,1392,72,82.26673690000001
2428,695,695,20,36.64182385
2429,755,755,82,93.47888001
2430,44,44,87,89.32350728
2431,685,685,47,65.76544843
2432,2584,2584,70,77.3591235
2433,1554,1554,82,12.29527342
2434,402,402,12,23.4044479
2435,1029,1029,87,82.51968193
2436,2399,2399,50,15.60259981
2437,2405,2405,81,21.54347603
2438,2439,2439,27,29.56632876
2439,785,785,26,26.74135777
2440,1682,1682,87,23.97375338
2441,1834,1834,21,16.14525862
2442,2243,2243,97,27.78083598
2443,693,693,99,24.99765907
2444,2205,2205,22,19.28880841
2445,129,129,42,17.04988133
2446,1637,1637,80,72.60114624
2447,308,308,94,5.942648773999999
2448,2417,2417,64,12.595349800000001
2449,552,552,22,14.687865300000002
2450,2442,2442,72,18.58373915
2451,2470,2470,96,36.5847825
2452,988,988,58,14.91428404
2453,474,474,72,85.18097625
2454,1948,1948,22,26.17261727
2455,1863,1863,85,92.60701831
2456,73,73,71,104.7360573
2457,2175,2175,87,76.66800832
2458,298,298,84,20.80639274
2459,454,454,76,82.44936603
2460,1469,1469,85,21.28432659
2461,2453,2453,97,25.77748159
2462,1564,1564,95,19.7082102
2463,41,41,90,18.45624481
2464,1076,1076,83,23.61560457
2465,1034,1034,88,10.18427364
2466,1357,1357,26,17.37446014
2467,2560,2560,72,12.46141677
2468,882,882,43,29.88913264
2469,355,355,78,17.91956456
2470,1106,1106,69,90.54028988
2471,1165,1165,65,28.28433855
2472,2358,2358,21,29.83791455
2473,1148,1148,99,24.48459869
2474,810,810,33,33.09713944
2475,94,94,98,23.00398013
2476,1909,1909,92,18.54902088
2477,218,218,87,13.18225755
2478,522,522,38,61.65151407
2479,415,415,33,59.03970412
2480,1027,1027,82,11.36980997
2481,2277,2277,82,27.60479116
2482,598,598,28,24.12922046
2483,2155,2155,88,73.22009055
2484,876,876,18,34.32489538
2485,1610,1610,89,13.50373401
2486,76,76,37,61.96779185
2487,183,183,25,63.66221672
2488,151,151,84,18.70656052
2489,2535,2535,39,14.89180704
2490,1262,1262,90,25.94755303
2491,1750,1750,81,87.70751774
2492,756,756,23,24.17587916
2493,2484,2484,83,89.25974517
2494,279,279,26,71.22888027
2495,1456,1456,65,20.373929500000003
2496,2225,2225,25,31.50457472
2497,1216,1216,27,57.90334535
2498,1141,1141,78,89.93341285
2499,776,776,79,21.3101007
2500,452,452,24,28.07948876
2501,2327,2327,48,55.06379473
2502,688,688,90,9.455246891
2503,1149,1149,85,88.4052188
2504,110,110,95,85.61243772
2505,1432,1432,89,32.02147722
2506,839,839,58,27.86819891
2507,974,974,68,99.49277749
2508,180,180,88,74.50483022
2509,1186,1186,33,68.04239172
2510,2215,2215,74,91.62547632
2511,1979,1979,48,54.64174935
2512,1994,1994,80,77.95906407
2513,1184,1184,48,72.37130915
2514,1708,1708,81,12.84646685
2515,629,629,85,88.71169592
2516,585,585,24,19.89866347
2517,132,132,93,15.33330896
2518,921,921,83,90.19246631
2519,885,885,64,15.54012673
2520,2558,2558,78,77.89194726
2521,604,604,16,22.31414443
2522,1199,1199,27,17.55157292
2523,234,234,85,86.19000662
2524,1659,1659,76,15.65968615
2525,1895,1895,46,65.05145899
2526,636,636,93,16.04681292
2527,1505,1505,29,13.22032444
2528,336,336,15,20.60926597
2529,318,318,39,28.63800481
2530,1137,1137,35,31.39413955
2531,307,307,93,19.97177887
2532,2421,2421,72,95.76344418
2533,1557,1557,7,25.15250636
2534,1470,1470,60,27.04060157
2535,1672,1672,79,85.70476225
2536,1252,1252,84,18.37127663
2537,2184,2184,24,12.54475141
2538,1536,1536,102,21.56052147
2539,1941,1941,54,24.68838992
2540,2367,2367,64,25.3695417
2541,164,164,35,67.52190515
2542,1867,1867,80,23.85503135
2543,1442,1442,23,23.63316412
2544,1292,1292,96,18.50960115
2545,440,440,90,89.77440076
2546,1914,1914,61,12.66901342
2547,1059,1059,69,91.00975764
2548,623,623,33,67.48319316
2549,716,716,80,77.02165025
2550,1930,1930,44,58.97570393
2551,1882,1882,39,58.84051194
2552,2143,2143,89,74.92850036
2553,741,741,86,14.94751872
2554,128,128,38,53.74735043
2555,1848,1848,76,24.89777963
2556,330,330,19,24.17208026
2557,1400,1400,41,60.82407692
2558,1526,1526,83,19.74143715
2559,1048,1048,87,25.84288415
2560,1445,1445,97,32.19823618
2561,161,161,81,19.04858095
2562,397,397,72,14.05913735
2563,1983,1983,41,65.84230766
2564,529,529,90,80.82509118
2565,260,260,91,22.15936574
2566,947,947,27,26.06546354
2567,913,913,37,26.23170817
2568,1984,1984,56,22.78858311
2569,253,253,84,11.17645134
2570,1706,1706,86,79.43833021
2571,2240,2240,30,64.79226156
2572,825,825,64,17.50391176
2573,860,860,70,20.72938158
2574,799,799,24,25.70464922
2575,2321,2321,39,69.88407506
2576,64,64,84,86.09920913
2577,545,545,89,16.83125962
2578,1877,1877,82,83.25237657
2579,1542,1542,99,4.350237654
2580,2074,2074,91,20.73313102
2581,1214,1214,5,16.34537227
2582,75,75,94,26.94953576
2583,1071,1071,13,25.47446496
2584,379,379,85,18.75385148
2585,226,226,58,20.72003154
2586,1429,1429,89,32.13844493
2587,1133,1133,88,98.48809061
2588,2021,2021,86,17.6965121
2589,2257,2257,75,89.58293413
2590,1795,1795,86,22.04597292
2591,806,806,75,2.858754134
2592,120,120,89,30.50516776
2593,2059,2059,102,14.75511544
2594,1720,1720,70,84.9022468
2595,1515,1515,52,17.63297657
2596,135,135,77,24.41556805
2597,1267,1267,76,11.7148239
2598,863,863,54,26.6154245
2599,2007,2007,26,35.9070513
